---
build/images/graph-1-486c8188.gif: 2016-06-19 03:14:12.776302827 +12:00
build/images/example-1-20bc1f6c.png: 2016-06-19 03:14:28.664301400 +12:00
